x0			 y0			 final x 		 final y		 final f(x,y) 	 timesOfEvalution 	 timer(ns)
-137.39781852595513	145.3841019325564	0.33333321405101635	1.3333336369096302	-1.8333333333332629	32.0	2412482.0
480.04401148481145	-269.1117172061405	0.33333350799879546	1.333333506950571	-1.8333333333332424	30.0	1073983.0
262.04562469059306	-393.27366658364735	0.3333338453692118	1.3333327935774575	-1.833333333333056	30.0	1130865.0
-149.0223031897513	129.65949381184294	0.333334078467824	1.3333338165018642	-1.8333333333321846	30.0	1022896.0
-163.35689398968498	26.119399545213923	0.3333334152268479	1.3333332335022898	-1.8333333333333246	26.0	899784.0
258.47342823566305	-318.7039583168536	0.33333604803607586	1.3333312911019244	-1.8333333333273374	28.0	1098740.0
257.5715344943286	236.9694901073599	0.33333425820236173	1.333333232990539	-1.8333333333325605	30.0	1038428.0
249.3862823910664	142.6462976505419	0.3333340783126198	1.333333608968877	-1.833333333332497	30.0	978320.0
-127.77626351431456	-220.16895393182165	0.3333345380482658	1.333331905130102	-1.833333333331563	28.0	902229.0
59.53097893579309	-91.35353452535088	0.33333384279544603	1.3333331941159565	-1.8333333333331252	28.0	608379.0
389.8152948291404	482.2076323939933	0.33333363052541054	1.3333332455655145	-1.8333333333332635	34.0	153563.0
-279.8065750162376	302.97755751813577	0.3333340216350622	1.3333323008685662	-1.8333333333325041	30.0	79396.0
419.0316752684229	-274.2722796349306	0.33333452573646405	1.3333320782829616	-1.8333333333318327	28.0	106933.0
19.200224797425562	265.76796978021866	0.3333338230556365	1.3333327735494265	-1.8333333333330546	30.0	77277.0
133.50308920501902	373.99264490392227	0.3333331950739956	1.3333341606197	-1.8333333333327442	30.0	78669.0
153.36863952719807	-429.66898618328366	0.3333335551555082	1.3333334301939928	-1.8333333333332535	30.0	82150.0
-185.47291184123236	-434.1606444114923	0.33333423223445213	1.333332704449704	-1.8333333333326953	30.0	80590.0
-289.08257323163156	385.4957962418292	0.3333331512884818	1.3333341270700774	-1.8333333333328148	34.0	81465.0
400.34191990556076	-33.54467731859114	0.3333341158670998	1.3333336709157226	-1.8333333333323427	26.0	65726.0
-169.57341873425133	340.91060571967773	0.3333340114084724	1.3333326136690093	-1.8333333333328432	30.0	75425.0
457.3865884335063	-387.27107547142447	0.3333338106424222	1.333333605960319	-1.833333333332901	32.0	79045.0
-2.807929317293656	249.76859547011975	0.33333356483136506	1.3333331055407014	-1.8333333333332804	30.0	80213.0
181.36596212586687	189.41375880307112	0.33333270722516206	1.333333535420708	-1.8333333333330268	28.0	115378.0
-41.67081421440702	296.72499325320734	0.3333332151495377	1.3333333925925293	-1.833333333333323	30.0	78758.0
134.57253785376884	429.1302131394325	0.3333348583677969	1.3333322711765656	-1.8333333333314994	32.0	89111.0
-335.2639883522331	-191.65342098704076	0.33333385052201675	1.3333328319966298	-1.8333333333330741	28.0	72220.0
430.79907302563197	341.9236865306268	0.3333337844867443	1.333332929028412	-1.8333333333331487	30.0	79945.0
-18.963209549417797	-310.74680200022397	0.33333643156810905	1.3333309007210414	-1.8333333333253532	28.0	74605.0
-9.69099694727737	149.043448837838	0.33333398693241634	1.3333330075794163	-1.8333333333330128	30.0	74744.0
143.88182881484408	229.18249693150074	0.33333425439436803	1.333333053568905	-1.8333333333326645	30.0	79176.0
304.7146512732579	120.80191430011826	0.33333363068861216	1.3333331623250733	-1.8333333333332664	30.0	118033.0
-405.5105886068935	264.52871027070273	0.33333344351800426	1.3333332102439999	-1.8333333333333195	30.0	137130.0
-124.75421174093407	-0.18061270607938695	0.33333657801208755	1.3333303894432753	-1.833333333323691	20.0	57966.0
-136.92771819251845	-387.5232838123582	0.3333340556752148	1.3333324671422115	-1.8333333333326869	30.0	74736.0
117.77409108560607	328.6541147816972	0.33333348954901365	1.3333330203448068	-1.8333333333332598	30.0	71931.0
-359.20057155352725	286.67331001203775	0.3333332057044807	1.3333341103359682	-1.8333333333328123	30.0	74596.0
64.09170081660886	-205.2363129449555	0.3333346295680503	1.3333325667962863	-1.8333333333320592	28.0	68450.0
39.20161641699235	250.44749995816346	0.33333410123926854	1.3333335299805764	-1.8333333333325537	30.0	70346.0
-368.67486190206967	-344.06163292021307	0.33333441805797	1.3333326713733837	-1.8333333333324364	32.0	75220.0
307.43690432827566	366.9118971367757	0.3333336171577048	1.333332533035691	-1.8333333333328397	30.0	73519.0
-420.0017456109958	415.7924215922727	0.33333243366225446	1.3333335472190238	-1.8333333333326707	30.0	71896.0
-45.40973933827087	-235.1518122374393	0.3333348216939347	1.3333326476409426	-1.8333333333316686	28.0	68700.0
-463.8587057889422	181.5954972408657	0.33333318844059395	1.3333336212594744	-1.833333333333271	36.0	76050.0
307.18899162695254	55.099362480800096	0.3333335105444036	1.3333337949348645	-1.8333333333330073	28.0	63736.0
-386.02483252440646	-444.32997088094606	0.33333473656078244	1.3333322786563062	-1.8333333333317319	30.0	71802.0
21.37406860171484	-295.7381822737095	0.3333352588855125	1.3333323198148286	-1.83333333333055	28.0	72708.0
243.08372031139254	486.77763849043083	0.33333231505016175	1.3333338629386469	-1.8333333333325554	30.0	72361.0
-35.32568137512226	400.7911303517034	0.3333325164571945	1.3333330659783298	-1.833333333332376	30.0	74119.0
-222.3811453231487	239.3612426756298	0.3333341041362736	1.3333324045520547	-1.8333333333325923	30.0	70569.0
184.08933263018162	433.20510693328845	0.3333327625904187	1.3333334676644664	-1.8333333333330661	30.0	103042.0
344.9665828451298	-473.7938616772268	0.3333333479696196	1.3333338560113792	-1.8333333333330522	30.0	107554.0
385.1938745654095	-59.11169298966598	0.33333359873252594	1.333332720345737	-1.8333333333330497	26.0	66927.0
177.43500756506955	-105.97216855778947	0.3333336352931983	1.333333329420382	-1.833333333333243	28.0	66229.0
461.2348780958207	395.07265156444544	0.33333288191534544	1.333333468692933	-1.8333333333331725	30.0	72204.0
362.9073452963221	-348.3099076959111	0.3333344299564556	1.3333334127860121	-1.8333333333320372	30.0	85692.0
131.69969517918162	-179.11131392539681	0.333334092963027	1.3333325982118334	-1.8333333333327742	28.0	77718.0
-450.9630382123322	-12.798192466874752	0.33333480499562534	1.3333328255962513	-1.833333333331657	24.0	88114.0
-323.40757627561123	80.95273378467391	0.33333354274976806	1.3333341380738777	-1.833333333332473	28.0	76682.0
-359.55678867949473	432.3368179770756	0.33333283287028254	1.333334374759764	-1.8333333333325195	34.0	106500.0
85.66223577769972	6.775223188238783	0.33333271960141814	1.3333334461226891	-1.833333333333013	24.0	57613.0
-60.49953702896937	-497.33409311674745	0.3333337648317083	1.3333328962746536	-1.8333333333331447	30.0	102431.0
-318.91348575710845	286.34597705486294	0.3333329746783411	1.3333342721932981	-1.8333333333326598	30.0	84522.0
498.69484060391596	165.9854667711519	0.3333331371456928	1.3333328619440474	-1.83333333333298	28.0	67282.0
417.6181276103074	-205.42738745417222	0.3333344226980919	1.3333330728576145	-1.8333333333323625	30.0	118731.0
-323.8433154855497	-226.42688976235246	0.3333344673622521	1.3333321375840372	-1.8333333333319737	28.0	111799.0
-384.0346795663	487.81800586335646	0.33333362627012214	1.333334004078325	-1.8333333333326012	32.0	127123.0
15.858804970328492	226.3950202512217	0.33333456891502755	1.333332735177842	-1.8333333333321877	30.0	106284.0
-156.8207430533555	74.6039575964478	0.3333334865508485	1.3333327133233381	-1.8333333333330206	28.0	84598.0
-389.8956740910851	442.33602030625127	0.3333330038715536	1.3333341349788084	-1.833333333332846	34.0	104161.0
18.083292646854602	421.6175527189289	0.3333328490484111	1.3333333559731437	-1.8333333333331092	34.0	155714.0
44.30973444218898	-359.28209413797373	0.33333637903527524	1.3333309020578974	-1.8333333333255508	28.0	136016.0
-409.7154726954619	57.47802695619487	0.3333334172328048	1.3333339244255422	-1.8333333333329274	28.0	95683.0
-127.27769060580806	-433.18251888501266	0.3333335771242837	1.3333330152118759	-1.8333333333332502	30.0	118393.0
-181.93262722015567	196.2910715423427	0.33333410984450046	1.3333335926248993	-1.8333333333324617	32.0	116034.0
328.5937027344622	-458.2094544437706	0.3333370162377522	1.3333305306365075	-1.8333333333222366	28.0	109727.0
-246.52442043842603	418.83908040132894	0.33333288921351967	1.3333341991680339	-1.8333333333327708	30.0	92029.0
-366.5359250476986	142.35387401332196	0.3333332400263323	1.333333435487875	-1.8333333333333237	30.0	115262.0
-467.85243551139735	-478.6748263614045	0.33333337211675895	1.3333334125282468	-1.8333333333333224	30.0	120071.0
-162.4059671441326	389.77207991386126	0.33333325807534603	1.333332642574	-1.8333333333327986	30.0	102737.0
-39.02234099306526	69.90977832408635	0.333334368600314	1.3333329915636143	-1.8333333333324986	30.0	176399.0
-402.78498619742976	-440.8579781158233	0.333333357330063	1.3333340478216882	-1.833333333332805	30.0	111340.0
198.4333654733308	-116.15176404041858	0.333334573901637	1.3333326095723224	-1.8333333333321684	28.0	84972.0
-325.84953120111163	107.66233527210454	0.33333468493959706	1.3333324067166845	-1.8333333333319	30.0	99888.0
-469.6330288730187	10.859137171137718	0.33333203161859565	1.3333334420728364	-1.8333333333317685	24.0	92513.0
229.49409255042747	-235.47881182966745	0.3333345927048029	1.3333329728053016	-1.8333333333320714	30.0	109084.0
-141.5827137140173	-244.57777783220624	0.3333345586674684	1.333333100409333	-1.8333333333320632	30.0	86936.0
175.4135123914258	-474.7693435473397	0.33333351127309885	1.333333660702099	-1.8333333333331365	30.0	107573.0
-461.3944710833572	-25.973769488743642	0.33333366461914543	1.333333253965752	-1.8333333333332438	26.0	95381.0
-52.219112219835665	149.68137793469725	0.33333392583385163	1.3333340000097833	-1.8333333333321427	30.0	82233.0
-365.51340557542545	160.95616306834188	0.3333345577138096	1.3333328234099306	-1.8333333333321986	30.0	99895.0
67.21464032347797	-224.11352855999957	0.3333346785836339	1.333332965174135	-1.8333333333318833	30.0	84506.0
482.2252581931921	-185.96888603556351	0.333334395083666	1.3333330271515846	-1.8333333333324373	30.0	101519.0
-232.75056657889303	430.32904758896564	0.33333255150343294	1.333333104843606	-1.8333333333324915	30.0	109373.0
-295.7753055743305	191.77244867861737	0.33333410190784746	1.3333336820993613	-1.833333333332353	32.0	86162.0
-214.26597094163623	-458.9770054690931	0.33333309436310343	1.3333331311932795	-1.8333333333331874	30.0	61334.0
453.4419241202129	-148.19564835813873	0.3333334367555779	1.3333329213363467	-1.8333333333331956	28.0	54789.0
139.19007832568707	40.84172108068583	0.33333447128860794	1.3333330227216544	-1.8333333333322954	30.0	53421.0
-277.71670982922336	294.85720713952765	0.33333390064481594	1.3333322621839778	-1.8333333333324715	30.0	57335.0
329.74685281916186	286.3655080033103	0.3333333626402731	1.3333341749173506	-1.8333333333325996	30.0	59537.0
7.980652868916707	-370.43390666226315	0.33333673599804714	1.3333303829674568	-1.8333333333230895	28.0	55824.0

0.33333390373098204	8.560842564427188E-13	9.299094429912852E-8
1.3333330462295832	6.557699206337E-13	8.13875825434052E-8
-1.8333333333321777	4.162393647981565E-24	2.0504726353365965E-13
29.5	4.83	0.22087978356535662
191812.49	1.1620305109774992E11	34260.30053730651
0.833333333332177	4.1623934167467116E-24	2.050472578381298E-13	
